0 5534139
1 51706
2 18003
3 11896
4 9859
5 8678
6 7741
7 6979
8 6532
9 5954
10 5879
11 5479
12 5524
13 5145
14 5064
15 5069
16 4974
17 4954
18 4940
19 4815
20 4801
21 4942
22 4735
23 4880
24 4837
25 4865
26 4916
27 4896
28 4915
29 5012
30 5010
31 5137
32 5140
33 5257
34 5388
35 5429
36 5704
37 5790
38 5814
39 6072
40 6244
41 6601
42 6781
43 7147
44 7289
45 7693
46 8043
47 8559
48 9239
49 9513
50 9980
51 10663
52 11303
53 12062
54 12742
55 13334
56 14472
57 15139
58 16308
59 17434
60 18573
61 19662
62 21172
63 22823
64 24564
65 27029
66 28929
67 31374
68 34292
69 36381
70 38062
71 39730
72 40545
73 41152
74 40845
75 40119
76 39345
77 38303
78 37463
79 36880
80 36323
81 35748
82 35257
83 34850
84 33680
85 33281
86 32685
87 31979
88 31145
89 30824
90 30200
91 29108
92 28624
93 27489
94 26437
95 25262
96 24352
97 23000
98 22108
99 20960
100 19868
101 18798
102 17899
103 16731
104 15901
105 15220
106 14389
107 14247
108 13870
109 14108
110 14555
111 15645
112 17091
113 19483
114 21592
115 24436
116 26753
117 29194
118 30588
119 30518
120 29149
121 26932
122 24438
123 21633
124 19436
125 17509
126 15554
127 13796
128 12152
129 10322
130 8932
131 7832
132 7174
133 6236
134 5797
135 5569
136 5000
137 4765
138 4532
139 4351
140 4064
141 4033
142 3834
143 3600
144 3458
145 3372
146 3297
147 3130
148 3081
149 2986
150 2880
151 2842
152 2817
153 2662
154 2720
155 2640
156 2476
157 2420
158 2522
159 2374
160 2259
161 2216
162 2158
163 2239
164 2073
165 2149
166 2008
167 2087
168 2072
169 1995
170 1996
171 1922
172 1990
173 1841
174 1900
175 1911
176 1755
177 1771
178 1799
179 1743
180 1754
181 1652
182 1733
183 1682
184 1697
185 1630
186 1641
187 1638
188 1562
189 1525
190 1558
191 1476
192 1582
193 1590
194 1538
195 1475
196 1454
197 1478
198 1503
199 1443
200 1480
201 1436
202 1486
203 1402
204 1433
205 1388
206 1408
207 1347
208 1311
209 1402
210 1305
211 1335
212 1359
213 1347
214 1371
215 1364
216 1342
217 1301
218 1276
219 1277
220 1249
221 1259
222 1257
223 1217
224 1218
225 1255
226 1177
227 1297
228 1233
229 1185
230 1198
231 1193
232 1287
233 1214
234 1125
235 1172
236 1179
237 1114
238 1088
239 1183
240 1146
241 1134
242 1136
243 1086
244 1063
245 1111
246 1140
247 1086
248 1136
249 1126
250 1085
251 1104
252 1068
253 1084
254 1063
255 1082
256 1068
257 1038
258 1037
259 1023
260 1073
261 1034
262 1007
263 1051
264 1034
265 1056
266 1033
267 1045
268 959
269 1023
270 980
271 980
272 1002
273 991
274 980
275 1004
276 991
277 951
278 1021
279 1000
280 1014
281 999
282 975
283 987
284 1001
285 977
286 1008
287 1028
288 1053
289 956
290 953
291 965
292 939
293 992
294 930
295 938
296 951
297 962
298 955
299 952
300 937
301 897
302 930
303 921
304 906
305 964
306 886
307 936
308 888
309 953
310 922
311 884
312 915
313 893
314 920
315 934
316 908
317 925
318 925
319 909
320 900
321 912
322 904
323 863
324 892
325 904
326 829
327 887
328 895
329 859
330 853
331 874
332 843
333 883
334 865
335 889
336 860
337 904
338 852
339 845
340 863
341 842
342 849
343 869
344 904
345 897
346 843
347 896
348 810
349 867
350 835
351 854
352 856
353 819
354 850
355 835
356 878
357 818
358 795
359 850
360 819
361 826
362 821
363 820
364 815
365 824
366 851
367 814
368 833
369 851
370 808
371 856
372 822
373 819
374 846
375 833
376 804
377 854
378 831
379 825
380 833
381 781
382 775
383 863
384 797
385 816
386 797
387 851
388 759
389 844
390 821
391 802
392 845
393 788
394 779
395 807
396 776
397 805
398 822
399 823
400 832
401 820
402 829
403 821
404 801
405 817
406 758
407 775
408 814
409 801
410 766
411 784
412 812
413 774
414 767
415 772
416 802
417 806
418 744
419 784
420 790
421 794
422 788
423 786
424 785
425 801
426 767
427 814
428 774
429 803
430 794
431 799
432 810
433 820
434 822
435 796
436 797
437 860
438 793
439 814
440 827
441 795
442 812
443 796
444 791
445 814
446 720
447 780
448 816
449 766
450 758
451 783
452 826
453 808
454 774
455 793
456 782
457 725
458 776
459 765
460 756
461 792
462 762
463 739
464 765
465 761
466 783
467 784
468 768
469 790
470 765
471 801
472 801
473 750
474 800
475 792
476 722
477 736
478 804
479 787
480 729
481 769
482 792
483 733
484 782
485 727
486 776
487 762
488 791
489 764
490 753
491 754
492 824
493 784
494 745
495 817
496 735
497 784
498 781
499 804
500 814
501 816
502 790
503 771
504 805
505 784
506 798
507 771
508 789
509 848
510 765
511 738
512 777
513 803
514 712
515 806
516 823
517 749
518 776
519 817
520 735
521 775
522 769
523 739
524 728
525 814
526 763
527 772
528 777
529 813
530 720
531 781
532 795
533 751
534 767
535 824
536 796
537 750
538 780
539 722
540 770
541 773
542 857
543 743
544 755
545 750
546 782
547 780
548 733
549 744
550 794
551 803
552 795
553 752
554 762
555 777
556 775
557 846
558 798
559 772
560 829
561 778
562 807
563 817
564 770
565 776
566 785
567 731
568 787
569 738
570 772
571 797
572 736
573 743
574 841
575 812
576 825
577 774
578 769
579 796
580 797
581 793
582 808
583 812
584 823
585 787
586 784
587 835
588 803
589 783
590 786
591 808
592 740
593 815
594 763
595 756
596 740
597 766
598 779
599 807
600 758
601 844
602 808
603 806
604 805
605 817
606 864
607 838
608 824
609 832
610 821
611 827
612 815
613 787
614 828
615 805
616 805
617 835
618 824
619 797
620 856
621 834
622 791
623 821
624 813
625 822
626 786
627 853
628 823
629 856
630 801
631 842
632 845
633 853
634 832
635 827
636 864
637 870
638 838
639 788
640 850
641 856
642 869
643 821
644 847
645 890
646 846
647 851
648 848
649 882
650 842
651 858
652 845
653 884
654 888
655 876
656 944
657 846
658 897
659 843
660 907
661 845
662 902
663 839
664 870
665 907
666 883
667 928
668 879
669 955
670 941
671 864
672 887
673 839
674 848
675 878
676 957
677 903
678 886
679 930
680 874
681 889
682 918
683 929
684 891
685 920
686 883
687 939
688 893
689 903
690 944
691 953
692 966
693 901
694 921
695 958
696 913
697 907
698 903
699 933
700 945
701 939
702 981
703 899
704 955
705 969
706 1015
707 926
708 1012
709 992
710 1028
711 1018
712 1009
713 964
714 1038
715 1070
716 1109
717 973
718 1096
719 1028
720 1014
721 1062
722 1040
723 1057
724 1065
725 1041
726 1071
727 1106
728 1083
729 1086
730 1124
731 1112
732 1106
733 1177
734 1158
735 1131
736 1132
737 1168
738 1043
739 1100
740 1081
741 1118
742 1125
743 1088
744 1157
745 1147
746 1142
747 1150
748 1125
749 1153
750 1092
751 1130
752 1145
753 1087
754 1086
755 1104
756 1091
757 1149
758 1146
759 1140
760 1137
761 1146
762 1045
763 1108
764 1117
765 1092
766 1093
767 1189
768 1095
769 1076
770 1121
771 1078
772 1128
773 1079
774 1077
775 1073
776 1056
777 1052
778 1053
779 1006
780 1119
781 1097
782 1048
783 1077
784 1007
785 1044
786 1055
787 997
788 1081
789 1044
790 1115
791 1057
792 1051
793 1079
794 1171
795 1058
796 1095
797 1110
798 1109
799 1139
800 1136
801 1116
802 1144
803 1174
804 1105
805 1170
806 1097
807 1081
808 1135
809 1171
810 1109
811 1131
812 1181
813 1182
814 1109
815 1175
816 1193
817 1159
818 1138
819 1104
820 1132
821 1124
822 1230
823 1153
824 1131
825 1125
826 1106
827 1144
828 1159
829 1040
830 1105
831 1064
832 1105
833 1109
834 1114
835 1102
836 1060
837 1018
838 1083
839 1038
840 1083
841 1026
842 1077
843 1044
844 986
845 1069
846 1013
847 1014
848 955
849 1059
850 1014
851 1014
852 1015
853 1049
854 946
855 904
856 982
857 949
858 967
859 968
860 1032
861 994
862 981
863 998
864 1037
865 1027
866 1024
867 991
868 1029
869 958
870 978
871 1006
872 1073
873 1143
874 1068
875 1140
876 1163
877 1182
878 1237
879 1287
880 1345
881 1421
882 1480
883 1488
884 1605
885 1602
886 1676
887 1842
888 1854
889 1963
890 2025
891 2186
892 2255
893 2344
894 2529
895 2714
896 2768
897 2885
898 3062
899 3276
900 3330
901 3589
902 3727
903 4004
904 4187
905 4322
906 4600
907 4761
908 4897
909 5132
910 5213
911 5339
912 5456
913 5523
914 5578
915 5514
916 5718
917 5625
918 5779
919 5785
920 5779
921 5605
922 5845
923 5668
924 5738
925 5697
926 5674
927 5583
928 5505
929 5616
930 5730
931 5659
932 5507
933 5648
934 5511
935 5468
936 5646
937 5716
938 5543
939 5581
940 5428
941 5465
942 5383
943 5467
944 5334
945 5419
946 5264
947 5493
948 5443
949 5257
950 5401
951 5421
952 5355
953 5383
954 5232
955 5277
956 5155
957 5135
958 5210
959 5029
960 5026
961 4974
962 5176
963 5056
964 5037
965 5127
966 4983
967 4883
968 4763
969 4949
970 4868
971 4967
972 4892
973 4778
974 4839
975 4816
976 4852
977 4891
978 4843
979 4656
980 4831
981 4789
982 4838
983 4974
984 4843
985 4870
986 4891
987 4964
988 4981
989 5023
990 4965
991 5116
992 5270
993 5531
994 5673
995 6010
996 6563
997 7207
998 8176
999 9351
1000 10845
1001 12208
1002 13842
1003 15190
1004 15879
1005 16893
1006 17611
1007 18068
1008 18214
1009 18178
1010 18420
1011 18487
1012 18770
1013 19114
1014 19728
1015 20371
1016 21768
1017 22649
1018 24412
1019 27160
1020 30435
1021 34629
1022 40162
1023 47925
1024 56553
1025 67102
1026 77112
1027 87723
1028 96505
1029 104102
1030 109012
1031 110871
1032 110671
1033 106287
1034 99942
1035 92005
1036 81652
1037 71564
1038 61081
1039 51837
1040 43729
1041 36671
1042 30621
1043 26150
1044 22533
1045 19525
1046 17466
1047 15757
1048 14370
1049 13292
1050 12572
1051 11866
1052 11138
1053 10781
1054 10428
1055 9721
1056 9428
1057 8812
1058 8796
1059 8347
1060 8157
1061 7638
1062 7397
1063 6969
1064 6563
1065 6309
1066 6068
1067 5830
1068 5466
1069 5304
1070 5047
1071 4789
1072 4639
1073 4543
1074 4100
1075 4026
1076 3968
1077 3792
1078 3720
1079 3513
1080 3484
1081 3342
1082 3173
1083 3163
1084 3027
1085 2881
1086 2857
1087 2786
1088 2797
1089 2707
1090 2460
1091 2473
1092 2426
1093 2446
1094 2317
1095 2327
1096 2226
1097 2202
1098 2205
1099 2086
1100 2126
1101 2020
1102 2007
1103 2088
1104 1980
1105 1963
1106 1838
1107 1890
1108 1809
1109 1819
1110 1781
1111 1767
1112 1767
1113 1728
1114 1719
1115 1749
1116 1664
1117 1637
1118 1596
1119 1619
1120 1585
1121 1502
1122 1498
1123 1537
1124 1531
1125 1477
1126 1439
1127 1429
1128 1383
1129 1460
1130 1462
1131 1428
1132 1375
1133 1423
1134 1386
1135 1432
1136 1421
1137 1359
1138 1354
1139 1334
1140 1279
1141 1316
1142 1277
1143 1320
1144 1230
1145 1256
1146 1261
1147 1223
1148 1230
1149 1259
1150 1188
1151 1284
1152 1202
1153 1226
1154 1159
1155 1202
1156 1216
1157 1188
1158 1204
1159 1228
1160 1144
1161 1157
1162 1135
1163 1171
1164 1169
1165 1175
1166 1126
1167 1155
1168 1217
1169 1072
1170 1103
1171 1080
1172 1106
1173 1096
1174 1132
1175 992
1176 1076
1177 1097
1178 1120
1179 1124
1180 1106
1181 1122
1182 1075
1183 1090
1184 1119
1185 1114
1186 1070
1187 1058
1188 1075
1189 1022
1190 1027
1191 1063
1192 1007
1193 1056
1194 1024
1195 1070
1196 1047
1197 1025
1198 1066
1199 1044
1200 1016
1201 1025
1202 971
1203 1014
1204 1026
1205 1014
1206 962
1207 1012
1208 940
1209 1010
1210 964
1211 939
1212 997
1213 961
1214 982
1215 920
1216 935
1217 1014
1218 946
1219 938
1220 928
1221 918
1222 966
1223 912
1224 946
1225 888
1226 950
1227 997
1228 958
1229 940
1230 919
1231 875
1232 876
1233 925
1234 969
1235 926
1236 862
1237 872
1238 913
1239 927
1240 890
1241 893
1242 961
1243 896
1244 883
1245 906
1246 891
1247 879
1248 911
1249 889
1250 907
1251 836
1252 898
1253 859
1254 862
1255 834
1256 867
1257 850
1258 841
1259 898
1260 831
1261 830
1262 809
1263 879
1264 838
1265 860
1266 862
1267 856
1268 799
1269 839
1270 905
1271 926
1272 855
1273 882
1274 872
1275 859
1276 811
1277 865
1278 846
1279 849
1280 804
1281 873
1282 835
1283 876
1284 843
1285 860
1286 782
1287 818
1288 831
1289 852
1290 808
1291 820
1292 854
1293 844
1294 793
1295 864
1296 800
1297 779
1298 763
1299 815
1300 820
1301 873
1302 783
1303 761
1304 807
1305 825
1306 805
1307 824
1308 833
1309 798
1310 769
1311 853
1312 787
1313 822
1314 833
1315 804
1316 815
1317 837
1318 793
1319 773
1320 798
1321 821
1322 766
1323 835
1324 792
1325 775
1326 797
1327 755
1328 754
1329 762
1330 815
1331 798
1332 800
1333 822
1334 817
1335 782
1336 747
1337 785
1338 771
1339 749
1340 765
1341 778
1342 730
1343 725
1344 704
1345 744
1346 762
1347 764
1348 775
1349 725
1350 759
1351 727
1352 714
1353 750
1354 752
1355 766
1356 751
1357 775
1358 790
1359 725
1360 778
1361 767
1362 741
1363 740
1364 714
1365 712
1366 692
1367 749
1368 759
1369 683
1370 747
1371 791
1372 708
1373 716
1374 715
1375 670
1376 719
1377 755
1378 719
1379 733
1380 733
1381 717
1382 693
1383 711
1384 677
1385 751
1386 736
1387 682
1388 701
1389 731
1390 701
1391 703
1392 713
1393 735
1394 714
1395 726
1396 729
1397 731
1398 724
1399 719
1400 706
1401 739
1402 692
1403 728
1404 694
1405 737
1406 678
1407 709
1408 654
1409 678
1410 742
1411 714
1412 755
1413 696
1414 728
1415 725
1416 674
1417 729
1418 701
1419 726
1420 658
1421 711
1422 707
1423 735
1424 681
1425 710
1426 699
1427 665
1428 696
1429 684
1430 714
1431 731
1432 683
1433 707
1434 718
1435 666
1436 703
1437 741
1438 711
1439 722
1440 750
1441 674
1442 677
1443 702
1444 762
1445 703
1446 700
1447 672
1448 697
1449 686
1450 759
1451 711
1452 727
1453 628
1454 691
1455 700
1456 743
1457 711
1458 690
1459 654
1460 694
1461 657
1462 664
1463 693
1464 697
1465 702
1466 696
1467 695
1468 739
1469 737
1470 685
1471 677
1472 722
1473 714
1474 687
1475 746
1476 659
1477 660
1478 659
1479 652
1480 684
1481 663
1482 683
1483 701
1484 704
1485 703
1486 734
1487 688
1488 739
1489 751
1490 742
1491 691
1492 749
1493 656
1494 698
1495 698
1496 655
1497 691
1498 744
1499 721
1500 750
1501 766
1502 716
1503 681
1504 682
1505 651
1506 681
1507 727
1508 664
1509 707
1510 695
1511 726
1512 712
1513 733
1514 722
1515 727
1516 653
1517 685
1518 712
1519 753
1520 731
1521 671
1522 733
1523 742
1524 721
1525 796
1526 735
1527 743
1528 700
1529 684
1530 713
1531 689
1532 705
1533 728
1534 718
1535 702
1536 726
1537 812
1538 740
1539 700
1540 761
1541 754
1542 746
1543 753
1544 701
1545 752
1546 734
1547 717
1548 708
1549 730
1550 707
1551 762
1552 810
1553 737
1554 789
1555 766
1556 751
1557 762
1558 723
1559 775
1560 818
1561 764
1562 766
1563 811
1564 765
1565 784
1566 737
1567 792
1568 771
1569 756
1570 815
1571 801
1572 812
1573 794
1574 844
1575 826
1576 822
1577 805
1578 836
1579 832
1580 825
1581 794
1582 828
1583 842
1584 856
1585 833
1586 884
1587 863
1588 837
1589 825
1590 877
1591 867
1592 873
1593 880
1594 797
1595 851
1596 898
1597 880
1598 859
1599 872
1600 873
1601 873
1602 896
1603 888
1604 871
1605 890
1606 927
1607 906
1608 857
1609 866
1610 830
1611 983
1612 926
1613 913
1614 917
1615 911
1616 878
1617 913
1618 954
1619 902
1620 923
1621 927
1622 960
1623 947
1624 868
1625 936
1626 978
1627 961
1628 953
1629 883
1630 867
1631 902
1632 922
1633 903
1634 1014
1635 992
1636 920
1637 973
1638 953
1639 948
1640 931
1641 956
1642 921
1643 976
1644 919
1645 978
1646 968
1647 951
1648 936
1649 982
1650 1000
1651 1032
1652 948
1653 984
1654 1029
1655 986
1656 1046
1657 1016
1658 956
1659 985
1660 985
1661 996
1662 1005
1663 975
1664 954
1665 1021
1666 1005
1667 1033
1668 1039
1669 1020
1670 1006
1671 979
1672 981
1673 956
1674 1027
1675 1042
1676 1040
1677 1020
1678 1058
1679 964
1680 994
1681 1045
1682 1040
1683 1060
1684 1029
1685 964
1686 1045
1687 1014
1688 1024
1689 1070
1690 1016
1691 1067
1692 1004
1693 986
1694 1036
1695 1043
1696 1033
1697 1006
1698 1044
1699 1045
1700 1011
1701 995
1702 1029
1703 1034
1704 1037
1705 1094
1706 1070
1707 1048
1708 1001
1709 981
1710 1014
1711 1018
1712 985
1713 1071
1714 1005
1715 972
1716 1023
1717 1051
1718 1076
1719 1026
1720 1046
1721 1023
1722 1035
1723 1008
1724 1043
1725 986
1726 962
1727 1001
1728 982
1729 1017
1730 1036
1731 1049
1732 992
1733 997
1734 1073
1735 1035
1736 1069
1737 1030
1738 983
1739 955
1740 1048
1741 1041
1742 1044
1743 1026
1744 1017
1745 1049
1746 1006
1747 1019
1748 1015
1749 1032
1750 1014
1751 996
1752 1000
1753 1035
1754 1002
1755 916
1756 947
1757 982
1758 978
1759 1026
1760 1060
1761 1015
1762 930
1763 990
1764 1009
1765 985
1766 1003
1767 1050
1768 987
1769 1022
1770 979
1771 944
1772 905
1773 919
1774 988
1775 950
1776 875
1777 956
1778 942
1779 998
1780 958
1781 893
1782 899
1783 949
1784 911
1785 913
1786 953
1787 974
1788 946
1789 975
1790 899
1791 880
1792 873
1793 861
1794 939
1795 942
1796 892
1797 911
1798 910
1799 924
1800 891
1801 887
1802 921
1803 927
1804 971
1805 931
1806 928
1807 888
1808 881
1809 889
1810 957
1811 909
1812 905
1813 950
1814 865
1815 900
1816 938
1817 859
1818 911
1819 892
1820 822
1821 871
1822 880
1823 842
1824 887
1825 905
1826 870
1827 831
1828 868
1829 932
1830 861
1831 872
1832 796
1833 847
1834 859
1835 885
1836 837
1837 826
1838 874
1839 810
1840 863
1841 893
1842 867
1843 772
1844 881
1845 862
1846 881
1847 852
1848 837
1849 813
1850 839
1851 798
1852 793
1853 832
1854 843
1855 843
1856 828
1857 817
1858 818
1859 790
1860 804
1861 794
1862 800
1863 816
1864 842
1865 800
1866 752
1867 829
1868 791
1869 813
1870 763
1871 814
1872 791
1873 761
1874 824
1875 756
1876 769
1877 782
1878 839
1879 765
1880 811
1881 734
1882 761
1883 750
1884 790
1885 797
1886 776
1887 796
1888 806
1889 790
1890 810
1891 755
1892 730
1893 759
1894 771
1895 734
1896 769
1897 796
1898 757
1899 766
1900 737
1901 737
1902 780
1903 766
1904 755
1905 739
1906 706
1907 738
1908 739
1909 704
1910 740
1911 703
1912 807
1913 757
1914 763
1915 720
1916 713
1917 739
1918 761
1919 729
1920 710
1921 692
1922 768
1923 725
1924 746
1925 725
1926 709
1927 717
1928 727
1929 737
1930 668
1931 635
1932 697
1933 757
1934 651
1935 795
1936 712
1937 680
1938 707
1939 707
1940 723
1941 716
1942 726
1943 657
1944 722
1945 687
1946 676
1947 690
1948 675
1949 711
1950 679
1951 692
1952 686
1953 679
1954 642
1955 636
1956 663
1957 694
1958 675
1959 645
1960 650
1961 685
1962 632
1963 673
1964 653
1965 600
1966 609
1967 635
1968 702
1969 673
1970 642
1971 628
1972 631
1973 605
1974 655
1975 633
1976 596
1977 647
1978 674
1979 650
1980 654
1981 652
1982 584
1983 621
1984 597
1985 612
1986 601
1987 606
1988 536
1989 528
1990 594
1991 598
1992 616
1993 585
1994 626
1995 589
1996 572
1997 575
1998 580
1999 584
2000 557
2001 589
2002 582
2003 558
2004 589
2005 530
2006 555
2007 586
2008 560
2009 583
2010 531
2011 553
2012 574
2013 562
2014 525
2015 547
2016 534
2017 567
2018 577
2019 565
2020 522
2021 581
2022 547
2023 507
2024 509
2025 537
2026 515
2027 499
2028 525
2029 466
2030 497
2031 509
2032 509
2033 529
2034 517
2035 513
2036 485
2037 502
2038 505
2039 495
2040 467
2041 485
2042 508
2043 476
2044 511
2045 456
2046 507
2047 471
2048 427
2049 487
2050 464
2051 480
2052 433
2053 452
2054 445
2055 448
2056 492
2057 462
2058 439
2059 445
2060 439
2061 404
2062 457
2063 439
2064 451
2065 466
2066 419
2067 460
2068 417
2069 431
2070 435
2071 411
2072 412
2073 424
2074 415
2075 419
2076 435
2077 406
2078 444
2079 438
2080 362
2081 420
2082 432
2083 397
2084 397
2085 415
2086 390
2087 378
2088 384
2089 415
2090 402
2091 389
2092 384
2093 427
2094 384
2095 346
2096 406
2097 351
2098 393
2099 348
2100 375
2101 372
2102 354
2103 356
2104 358
2105 346
2106 343
2107 362
2108 344
2109 403
2110 361
2111 339
2112 329
2113 368
2114 322
2115 354
2116 359
2117 365
2118 355
2119 360
2120 336
2121 331
2122 337
2123 327
2124 322
2125 344
2126 330
2127 301
2128 347
2129 355
2130 328
2131 316
2132 326
2133 290
2134 356
2135 327
2136 304
2137 328
2138 325
2139 320
2140 344
2141 338
2142 287
2143 281
2144 334
2145 335
2146 342
2147 309
2148 325
2149 285
2150 301
2151 312
2152 310
2153 325
2154 314
2155 254
2156 291
2157 314
2158 300
2159 274
2160 294
2161 311
2162 274
2163 301
2164 273
2165 299
2166 274
2167 278
2168 265
2169 288
2170 247
2171 259
2172 288
2173 281
2174 276
2175 253
2176 301
2177 272
2178 237
2179 288
2180 261
2181 271
2182 289
2183 253
2184 285
2185 259
2186 272
2187 232
2188 269
2189 251
2190 257
2191 233
2192 233
2193 243
2194 278
2195 255
2196 226
2197 262
2198 262
2199 236
2200 259
2201 233
2202 223
2203 235
2204 232
2205 276
2206 229
2207 237
2208 240
2209 219
2210 229
2211 247
2212 234
2213 257
2214 240
2215 229
2216 220
2217 239
2218 233
2219 241
2220 219
2221 242
2222 238
2223 228
2224 209
2225 216
2226 211
2227 222
2228 218
2229 237
2230 201
2231 196
2232 233
2233 242
2234 204
2235 245
2236 190
2237 216
2238 217
2239 203
2240 231
2241 216
2242 220
2243 175
2244 225
2245 196
2246 214
2247 210
2248 200
2249 199
2250 211
2251 205
2252 184
2253 186
2254 217
2255 193
2256 173
2257 221
2258 180
2259 214
2260 212
2261 217
2262 188
2263 202
2264 189
2265 191
2266 189
2267 168
2268 190
2269 185
2270 206
2271 186
2272 204
2273 180
2274 165
2275 193
2276 184
2277 172
2278 192
2279 173
2280 181
2281 192
2282 184
2283 193
2284 164
2285 167
2286 169
2287 168
2288 178
2289 203
2290 155
2291 146
2292 161
2293 174
2294 170
2295 170
2296 179
2297 179
2298 152
2299 170
2300 168
2301 154
2302 170
2303 147
2304 172
2305 199
2306 159
2307 181
2308 169
2309 150
2310 162
2311 166
2312 170
2313 166
2314 142
2315 165
2316 151
2317 182
2318 166
2319 156
2320 158
2321 166
2322 153
2323 155
2324 136
2325 160
2326 147
2327 147
2328 158
2329 143
2330 150
2331 163
2332 141
2333 139
2334 146
2335 121
2336 148
2337 150
2338 134
2339 125
2340 154
2341 178
2342 122
2343 133
2344 137
2345 128
2346 114
2347 127
2348 142
2349 116
2350 124
2351 152
2352 124
2353 134
2354 138
2355 144
2356 136
2357 158
2358 145
2359 134
2360 132
2361 126
2362 129
2363 113
2364 134
2365 131
2366 129
2367 135
2368 121
2369 131
2370 125
2371 127
2372 125
2373 129
2374 132
2375 102
2376 134
2377 96
2378 110
2379 114
2380 97
2381 106
2382 124
2383 131
2384 113
2385 119
2386 94
2387 133
2388 123
2389 116
2390 106
2391 120
2392 125
2393 105
2394 116
2395 123
2396 105
2397 109
2398 105
2399 123
2400 96
2401 89
2402 97
2403 104
2404 100
2405 123
2406 103
2407 93
2408 108
2409 93
2410 90
2411 89
2412 93
2413 73
2414 92
2415 86
2416 101
2417 95
2418 94
2419 87
2420 78
2421 96
2422 95
2423 98
2424 92
2425 82
2426 86
2427 94
2428 76
2429 71
2430 92
2431 83
2432 85
2433 87
2434 75
2435 105
2436 81
2437 89
2438 71
2439 87
2440 69
2441 77
2442 82
2443 104
2444 89
2445 79
2446 73
2447 78
2448 91
2449 79
2450 81
2451 87
2452 75
2453 60
2454 78
2455 58
2456 70
2457 67
2458 78
2459 77
2460 77
2461 64
2462 72
2463 71
2464 73
2465 63
2466 60
2467 79
2468 61
2469 75
2470 48
2471 66
2472 50
2473 58
2474 64
2475 56
2476 54
2477 54
2478 64
2479 62
2480 46
2481 61
2482 65
2483 42
2484 48
2485 61
2486 62
2487 53
2488 61
2489 62
2490 51
2491 46
2492 69
2493 58
2494 47
2495 47
2496 48
2497 41
2498 43
2499 39
2500 59
2501 44
2502 45
2503 36
2504 29
2505 30
2506 36
2507 39
2508 31
2509 30
2510 35
2511 31
2512 34
2513 33
2514 38
2515 25
2516 28
2517 29
2518 44
2519 28
2520 32
2521 26
2522 24
2523 34
2524 28
2525 29
2526 32
2527 27
2528 25
2529 28
2530 28
2531 31
2532 31
2533 17
2534 25
2535 20
2536 16
2537 25
2538 23
2539 28
2540 16
2541 17
2542 19
2543 18
2544 21
2545 10
2546 19
2547 26
2548 24
2549 16
2550 21
2551 20
2552 19
2553 19
2554 21
2555 9
2556 14
2557 13
2558 14
2559 16
2560 14
2561 20
2562 21
2563 18
2564 10
2565 17
2566 12
2567 18
2568 13
2569 15
2570 9
2571 20
2572 12
2573 13
2574 20
2575 19
2576 11
2577 12
2578 14
2579 13
2580 18
2581 13
2582 13
2583 7
2584 18
2585 16
2586 10
2587 8
2588 8
2589 7
2590 5
2591 8
2592 14
2593 19
2594 10
2595 13
2596 10
2597 8
2598 7
2599 10
2600 12
2601 6
2602 10
2603 15
2604 10
2605 13
2606 11
2607 3
2608 11
2609 8
2610 9
2611 7
2612 13
2613 8
2614 11
2615 7
2616 9
2617 6
2618 9
2619 7
2620 10
2621 4
2622 6
2623 12
2624 8
2625 4
2626 5
2627 6
2628 9
2629 6
2630 7
2631 7
2632 9
2633 9
2634 4
2635 4
2636 7
2637 8
2638 13
2639 8
2640 6
2641 10
2642 5
2643 7
2644 2
2645 4
2646 4
2647 12
2648 3
2649 5
2650 4
2651 5
2652 5
2653 3
2654 6
2655 6
2656 5
2657 1
2658 4
2659 3
2660 5
2661 3
2662 4
2663 3
2664 7
2665 3
2666 1
2667 11
2668 5
2669 4
2670 7
2671 1
2672 4
2673 3
2674 0
2675 2
2676 6
2677 1
2678 2
2679 2
2680 4
2681 5
2682 2
2683 3
2684 3
2685 6
2686 4
2687 3
2688 3
2689 5
2690 0
2691 4
2692 2
2693 4
2694 4
2695 3
2696 6
2697 3
2698 1
2699 2
2700 1
2701 3
2702 7
2703 1
2704 2
2705 2
2706 1
2707 4
2708 6
2709 6
2710 4
2711 2
2712 4
2713 1
2714 4
2715 6
2716 2
2717 3
2718 2
2719 2
2720 4
2721 2
2722 4
2723 3
2724 3
2725 1
2726 1
2727 5
2728 5
2729 0
2730 6
2731 3
2732 6
2733 3
2734 2
2735 9
2736 3
2737 3
2738 0
2739 3
2740 1
2741 0
2742 2
2743 2
2744 3
2745 3
2746 3
2747 7
2748 1
2749 5
2750 5
2751 4
2752 3
2753 3
2754 4
2755 3
2756 3
2757 3
2758 1
2759 2
2760 4
2761 2
2762 3
2763 0
2764 1
2765 2
2766 2
2767 3
2768 1
2769 3
2770 2
2771 1
2772 4
2773 0
2774 3
2775 3
2776 2
2777 2
2778 6
2779 4
2780 3
2781 2
2782 1
2783 4
2784 1
2785 0
2786 2
2787 1
2788 2
2789 1
2790 4
2791 3
2792 5
2793 4
2794 2
2795 1
2796 3
2797 0
2798 3
2799 1
2800 2
2801 0
2802 6
2803 1
2804 3
2805 2
2806 0
2807 3
2808 0
2809 2
2810 4
2811 1
2812 2
2813 3
2814 2
2815 4
2816 0
2817 1
2818 1
2819 1
2820 0
2821 3
2822 0
2823 1
2824 2
2825 2
2826 3
2827 3
2828 1
2829 1
2830 3
2831 0
2832 1
2833 2
2834 1
2835 1
2836 2
2837 2
2838 2
2839 1
2840 4
2841 1
2842 0
2843 1
2844 1
2845 3
2846 4
2847 2
2848 3
2849 2
2850 0
2851 0
2852 2
2853 1
2854 0
2855 2
2856 0
2857 2
2858 3
2859 1
2860 0
2861 0
2862 0
2863 1
2864 1
2865 0
2866 2
2867 0
2868 2
2869 1
2870 1
2871 1
2872 0
2873 0
2874 1
2875 0
2876 3
2877 0
2878 0
2879 4
2880 1
2881 0
2882 0
2883 1
2884 1
2885 1
2886 1
2887 2
2888 2
2889 0
2890 1
2891 0
2892 1
2893 1
2894 1
2895 2
2896 0
2897 1
2898 1
2899 0
2900 0
2901 0
2902 1
2903 1
2904 0
2905 1
2906 2
2907 1
2908 0
2909 1
2910 0
2911 3
2912 1
2913 1
2914 2
2915 0
2916 0
2917 0
2918 0
2919 0
2920 2
2921 0
2922 0
2923 0
2924 1
2925 0
2926 1
2927 0
2928 1
2929 0
2930 0
2931 0
2932 1
2933 1
2934 0
2935 0
2936 0
2937 0
2938 3
2939 0
2940 1
2941 0
2942 1
2943 0
2944 0
2945 0
2946 0
2947 1
2948 0
2949 0
2950 1
2951 1
2952 0
2953 0
2954 1
2955 0
2956 0
2957 0
2958 1
2959 0
2960 0
2961 0
2962 1
2963 1
2964 0
2965 0
2966 0
2967 0
2968 0
2969 2
2970 0
2971 0
2972 1
2973 0
2974 0
2975 0
2976 0
2977 0
2978 0
